    x1           x2
  2.01727471   3.79314051
  1.73138038   3.03579432
  3.78847996   5.49936400
  9.54856157   8.64451700
  4.65209978   6.37963228
  4.32566784   6.15485170
  3.53685657   3.70994806
  1.92860253   1.95481933
 -0.68998437   0.74152796
  3.34181504   5.67728823
  6.17510306   6.49081589
  1.32053113   1.85383046
  3.65365330   5.92482342
  2.81906161   5.91964672
  6.32970045   4.30371267
  1.97046814   4.45064176
  6.15839510   7.87366353
  3.12787474   3.54832528
  5.22399521   5.97091580
  0.84448430   0.72273322
  1.63362847   2.81953461
  0.22514085   0.58408384
  1.29013407   1.07363742
  3.38301600   7.41582986
  2.61547660   3.34391519
  1.00509769   3.19328786
  6.14582755   6.17087675
  2.13264592   3.05468859
  3.26250175   6.06596181
 -0.06819100   4.65170767
  2.63341695   2.76897340
  4.23195681   4.56859229
  0.83310389   3.61681116
  3.54350373   2.45057391
  2.67523670   1.99859642
  0.83129509   1.76770091
  5.15360326   5.89603280
  3.50364017   4.64867656
  0.91531338   1.59410442
  2.08673876   1.56400425
  3.75820699   4.59943714
 -1.45998122   1.63050680
  1.20744116   5.53056420
  3.49767538   3.86346479
  3.45170854   3.34720876
  3.76050901   3.37624186
  1.98043399   5.36097154
  4.14845056   2.70082214
  1.93417915   3.73019439
  4.28270362   4.52726793
 -0.10380827   0.76496455
  7.46182196   5.53415582
  1.58950240   5.91750944
  1.78770790   2.03198111
  1.30821769   2.38336324
  0.51096776   2.36952881
  5.70191738   8.18211392
  0.74991759   1.31227434
  2.40333586   3.25795042
  3.36804598   6.27630473
  4.68676747   4.49085684
  7.90109229   7.55420215
  3.18855113   4.05640884
  0.00750638   2.31741064
  9.29898955   6.16229245
  1.84876788   0.44160014
  1.56850859   3.92321160
  0.37155049   4.16850534
 -1.73153890   1.90397622
  3.33933391   4.28564236
  2.91219002   3.90640080
  6.92516615   4.52072493
  1.49723496   4.10339246
  4.12863045   5.39936717
  7.06736579   4.83150307
  4.21200210   4.77829510
  3.57748014   4.50398888
  3.59146496   2.90707342
  2.92496778   6.23446793
  4.32223373   2.68727886
  2.57465540   0.63826643
  1.21704439   0.53875526
  3.20927179   5.13988384
  2.88434149   4.29835720
  5.99071384   6.42746825
 -1.37560994  -0.82227551
  1.02376954   3.07223006
  0.37184546   2.51954421
  4.07715869   6.05222684
  1.80226007   3.35902304
  3.61937470   4.76920041
  6.91192913   7.62806792
  4.66442905   5.93725342
  2.75462948   2.89930223
  0.57617094   2.93171554
  7.87942584   8.15050845
  2.09698961   4.07698894
  1.05992674   3.29755597
  6.82877861   7.13936102
  0.66929308   3.00150986
  1.27444241   2.95556980
  1.79792998   2.94541860
  3.41871303   6.82714618
  4.48490363   4.49476660
  1.33991263   2.56066069
  3.85484670   3.21417894
  1.12055890   2.15416547
 -1.79997818   3.23927379
  3.50199173   3.78527942
  3.68014426   5.74115385
  6.98355242   5.03677545
  2.50210521   3.41313638
  6.00851792   4.43077138
  6.85647593   6.12750037
  1.23237819   1.87199978
  4.83455116   4.78904625
  4.65325648   4.38242745
  1.61036269   3.90282288
  3.71833629   4.00432610
  0.20654732   0.42101469
  3.37726882   3.64346111
  3.08526528   3.52105607
  5.77941897   5.14579676
  3.27973458   2.60646517
  6.38948892   6.90586599
  0.78703768   1.68285719
 -4.51824716  -0.66025077
  7.02070293   5.70442349
  5.25787413   6.68789662
  5.68679430   5.80171267
  1.37688301   2.03468135
  0.20412108   3.27230147
  1.25095689   3.77915558
  2.62411986   2.20246658
  3.40583165   3.52157316
  2.08445210   3.60914469
  5.59602723   7.08473049
  2.17731189   4.84381398
  3.44271559   3.59680080
 -1.91648256   2.42808033
  3.98608093   4.12115512
  3.78830319   2.85144074
  1.97280723   4.04098618
  1.46767350   3.81385497
  2.25633508   3.31733949
 -0.26328538   3.24589375
  3.56048034   3.00135873
 -3.88020583  -0.32331390
  4.80806666   6.26103323
  4.15358215   4.79277407
  2.72603021   4.84873545
  4.10102896   5.64833568
  1.60527216   0.81316813
  2.21925197   4.80164417
  5.54197205   6.43525452
  1.67913806   2.23009496
  4.21320115   3.57283768
  1.66400233   2.53406157
  1.07021866   3.58844512
  4.50134473   3.45772031
  5.80288944   4.61269639
  5.55848405   6.71044221
  1.02187914   1.41176617
  8.11161881   3.36980430
  4.24663760   2.13926227
  4.69323834   4.62584631
  3.93355928   5.33209807
  1.91983323   3.09436557
  0.38472874   1.94135085
  5.67745586   5.50026515
  3.89116423   1.56572165
  2.01873982   2.88516098
  3.00471519   3.10359581
 -0.84848534   3.86992216
  2.23335090   4.15338948
  2.26588825   4.00469063
  1.54599038   4.19868454
  3.97521006   4.60911760
  1.17502341   3.24720132
  4.76518080   5.92433666
  4.45786616   3.33258865
  1.84569407   3.87239869
  1.29816464   3.62048563
  2.24948117   2.38057590
  5.60593425   6.35729527
  4.69359950   4.27497382
  4.95869348   5.88964673
  1.38051605   2.64131616
  2.60110779   1.27220627
 -5.34413069  -0.18172698
  4.89011942   5.78807634
  6.67233018   6.22934355
  1.63489646   3.56541767
  0.69212545   1.63449441
  4.34384400   4.81482514
  0.18347478   3.11778754
  2.91495019   4.11506763
  4.78826274   5.16753637
 -0.49717525  -0.25590004
  5.92784976   4.29625553
  2.48786165   6.16299001
  2.88611845   2.06205735
  5.00219330   3.58670943
  0.35268126   1.93955693
  1.94295170   4.29644769
  4.82765645   3.80060686
  4.49497481   4.41723874
  4.74310125   3.86819850
  3.59855846   4.27783590
  3.30208357   3.84354310
 -0.02456606   0.76827312
  6.80628872   4.87571927
  1.53695631   5.04854714
  1.50532874   3.22078532
  7.61586209   5.92562817
  6.36046605   5.45294569
 -0.61809018   1.23802914
  8.10223128   7.01416123
  6.40356870   5.75000637
 -0.01438549   2.52361058
  2.69888843   2.23344616
  1.57260347   3.74032542
  4.70893426   3.88343761
  1.04780433   3.35133469
  4.76004929   6.77237698
  4.14584673   5.30844743
  0.99166930   3.00412623
  3.36426988   3.54574951
  0.97833432   2.16792617
 -0.12531367   2.73711785
  0.18055101   4.96173023
  6.58584004   5.71533239
  0.88966619   2.04863055
  4.75548297   3.83362810
  0.79444213  -0.51068290
  2.24860097   4.60282010
  1.19094209   1.60613170
  3.52258370   5.22730542
  2.86931227   4.21215730
  3.11956299   3.20917072
  8.35331908   7.85882924
 -2.22013849   2.15795397
  2.16832042   2.94090188
  2.38340004   2.88588230
  0.32578630   1.61181915
  0.45218485   0.98883587
  2.74781265   4.73377563
  2.35215138   4.51785416
  4.58544134   6.36773452
  5.36771979   4.61290338
  3.73761831   3.62334066
  0.80635491  -0.48641009
  4.17693558   3.72227262
 -0.62661714   1.72572728
  1.57276174   1.37304575
  5.19972125   6.99881783
  3.18177267   5.05862668
 -1.83769077   2.33198248
  1.95395397   2.63778902
  2.90962655   3.74894157
  3.61233614   4.26642978
  3.09794368   3.48724463
  5.01065320   3.39160492
  3.25105371   4.49914686
  4.27828117   4.89053990
  8.74930419   7.61740567
  5.65713913   6.91983584
  1.83167332   3.47054579
  2.21367063   2.94295116
  1.86295682   3.04410596
  3.28285005   7.89810745
  5.21468675   5.66232391
  6.25580566   4.74955222
  1.11093565   4.26148951
  1.69594684   3.81750125
  1.19381487   5.14842513
  6.60363518   6.43913725
  6.30303642   5.42037285
  3.59038128   4.34890512
  2.36032997   4.97001412
  0.68883033   1.50477030
 -1.99073922   1.41193775
  3.82929915   5.68830156
  5.00947961   4.16260710
  5.21050021   4.70067737
  3.21394548   2.75048725
  3.80012876   4.46998501
  5.84812186   7.59777334
  1.70106294   2.07817923
  5.35361319   9.16246039
  4.26411608   4.06973080
  1.38371377   3.28409809
  0.68204505   0.62300206
 -0.57644503   0.64591264
  3.32043957   2.79369355
  2.65751989   3.17377331
  1.23124810   0.25343511
  5.81448543   7.20636906
  3.26152678   5.85385086
  4.46458073   5.10428627
  1.93801312   4.19097926
  6.05838276   3.31612743
  8.87568894   6.14478226
  1.61501439   3.60574557
  2.67466501   4.33048505
  4.80036849   6.70029828
  4.42083278   5.97515498
 -2.82603848   0.13361167
  0.99467483   3.57146635
  3.22457266   2.77367863
  3.21137933   4.36005200
  0.18876721   1.57758970
  2.28897980   4.39235880
  3.55937312   3.76636379
 -1.70453943   1.50675744
  2.92875275   4.43051082
 -1.29215695   1.04278259
 -2.37608666  -1.41407892
 -0.43875822   3.06134998
  3.66478570   2.94251060
  4.00914303   5.86064669
  3.56073493   4.53129411
 -4.33453275  -1.25871349
  3.43848772   3.84064763
  3.50150528   2.96040667
  3.32534859   2.64768721
  5.67454436   6.13570551
  4.10264987   4.16231036
  7.85839956   5.04585440
  4.52284984   4.39184182
  1.05653386   3.12749437
  5.46620041   5.55249286
  6.17537849   5.58670668
  1.84726541   2.99169041
  6.07461268   4.45018779
  6.47852767   7.74025376
  1.43600951   3.71910933
  6.46803155   7.05425980
  3.07128528   3.04582521
  2.41774963   2.08497237
 -0.28198706   1.14486147
  1.25422126   2.70568676
 -1.21326433   0.20964133
  2.50415419   5.19797220
  7.44729480   7.28118235
  3.29637101   2.04985482
  1.73236735   1.35894856
  3.85152130   0.72204167
  4.03507754   4.38225468
  3.37442396   2.93180252
  3.09969111   4.39443690
  0.39257236   3.05165586
  1.53576224   5.35743476
  5.98499226   5.67111469
  2.97885500   4.58587278
  3.88733774   4.50338623
  3.02888393   3.54170573
  1.89411777   2.41041193
  3.93828021   2.87171645
  1.05932078   4.76696715
 -0.01633021   1.84293482
  4.62450202   4.90043301
  2.34621392   5.02097802
  1.73980218   1.69236864
  5.61044547   4.54082509
  5.78985888   7.84662079
  1.66069512   2.86329151
  2.87441214   4.03780503
  0.42096575   1.86145405
 -0.03676876   2.42732659
  2.10919643   3.31200715
  0.13746498   3.45847255
  5.62383655   6.41452155
 -4.15225029   0.12804150
  5.24614176   6.15898539
  3.27571479   1.87881304
  5.04015787   3.97803124
  5.64773480   7.68937593
  8.21582739   8.23632969
  3.44631007   5.36988233
 -0.50484927   3.35681466
  3.06680060   5.03341388
  3.19204842   5.44450741
  3.21043533   5.01332329
  2.46564098   3.09794622
  3.87540028   6.58273250
  0.96698798   4.25638732
  3.10434772   5.74258677
  2.12662782   5.48820522
  3.01216607   3.76702573
  0.07475244   2.29384351
  2.46087757   3.50345877
  1.07900988   0.28468291
  0.03400177   4.59136800
 -1.00223163   2.63055754
  2.20389298   5.89099638
 -0.01343077   2.33357264
  5.50908318   7.53373867
 -0.70437960   2.58950043
  5.41668453   4.18617830
  3.75947643   4.77754404
  2.77789290   5.20596961
  2.44913030   5.07457481
  9.72035819   7.44736793
  1.81621572   6.08292751
  2.80260290   4.21844528
  5.77367135   4.43060371
  0.28032298   4.01732297
  2.69820790   3.59547125
  1.50006725   1.93693018
  6.45645583   5.50212750
 -0.08190161   3.93589581
  3.25697549   2.95427810
  3.10059870   3.90973730
  3.58675128   4.52229466
  2.99351097   5.35229869
  3.52233138   5.35000578
  0.50107271   2.64194032
  2.36151474   2.39488752
 -1.18878991   1.89821527
  2.11624712   3.06581657
  4.25952728   6.07506225
  3.22784695   5.13038708
  0.76187579   1.24693501
  4.90385551   5.30371154
  0.45971669   2.02604112
 -1.05641971   1.23703438
  5.26749076   3.87552149
  0.13972162   0.23505848
  1.56693072   3.13293798
  4.64368743   3.99822318
 -1.02821472   0.89456420
  1.83327785   4.99694530
  1.56123451   3.96736057
  1.88238975   5.26394873
  2.47507712   3.63499124
 -7.01868724   0.18114588
  1.06260548   3.62520354
  4.13368708   4.57613804
  5.25720191   3.83071202
  7.44966953   7.42827962
 -0.40235269   1.58815417
 -0.38449018   0.78949428
 -0.06882569   3.27732748
  1.67622176   3.44049343
  5.95123711   7.04873890
  3.80506731   3.51112741
  4.00024769   5.21287613
  3.04755013   4.30005829
  3.03253596   1.64359648
  0.93911908   3.36319427
  3.80003861   3.27331913
 -0.17187778   2.67529315
  5.23977107   6.94860495
  0.42218927   1.56248227
 -0.09522319   3.81605795
 -0.37769593   2.94577162
  0.26039635   0.25304044
  1.65091722   2.43691575
  2.20864405   2.68755441
  0.72565149   1.58635489
 -1.36748398   1.44317050
 -0.07033169   3.69656358
 -0.57205546   3.16545741
  4.92039439   4.73875174
  0.37010443   1.84483739
  5.92622381   7.05008881
  2.58099091   3.61425237
  2.36219948   3.62196571
  4.49143320   4.66910260
  1.60494700   3.16936003
  2.33043657   1.33098043
  5.89135866   7.00879008
  1.10630358   2.65792721
  5.52317534   4.45735951
  5.83491188   4.93103251
 -0.08916822   4.72581276
  7.24837738   5.92613240
  5.73857600   5.90752706
  4.80110577   3.16269449
  2.46286587   3.09717657
  2.82615958   4.72597645
  4.13225448   4.76600131
  4.09721908   5.27659667
  8.56411738   6.40842312
  1.22217824   2.49552602
  2.31328084   3.86918224
  4.84533863   5.22542954
  4.26258004   3.25190291
  0.52290047   3.72561004
  1.60707221   7.38488246
  3.27373545   3.36741937
  5.82095464   6.56933320
  3.53433869   1.50231910
  8.32743751   8.00812475
  2.29431355   5.06094758
  3.29622124   3.80649402
  2.11557047   3.88603270
  1.88382007   3.91348742
  4.79049254   6.91990340
  3.17267823   5.17771707
  0.46523953   3.91211327
  5.25039063   5.21494798
  2.18529987   2.37436609
  0.23368155   2.29281041
  4.65287671   4.35045047
 -0.47341138   2.61446825
  0.27585797   5.15911617
  2.81306209   4.40138316
  1.49210242   3.52314460
  4.25528142   5.05480385
 -2.74947187   0.22738543
  3.35722612   1.96382306
  1.21695636   5.15003665
  8.80941166   6.64380732
  4.57894126   5.31858623
  1.05719656   3.35680766
  2.07239346   2.01988337
  2.61138390   5.07037616
  7.01620888   6.34084453
  1.59537776   2.15629924
  4.56926211   5.36846224
  3.09150703   2.29168671
  3.29523254   4.54858375
  0.85676697   3.03352298
  3.07129115   3.59059747
  3.04607734   2.76132698
  5.03053646   5.83235684
  6.59479185   6.76393597
  6.02265750   6.73953879
  4.03046848   5.27539601
  4.23108402   4.85902902
  2.52743160   3.12505644
  2.68124897   4.16788533
  2.93261765   3.63683582
  2.72064815   1.81739314
  3.84570064   5.29020108
  4.73454735   6.12904389
  4.19760226   5.02532199
  5.82820362   8.84945701
  4.05230633   2.14625876
  0.35328354   1.85041273
  2.99449006   3.86962771
  2.08753471   2.38770363
  5.84356515   8.19537759
  5.10462336   4.91216398
 -1.16317661   2.66354352
  0.85359910   4.71715980
  0.46148800   1.25399642
  3.40204041   5.62923574
  3.55862223   5.83034919
  4.80428647   2.33380990
  5.81838036   6.42107071
  3.25878587   4.89694855
  3.80687053   2.71148798
 -0.66250473   3.46451173
  1.76714523   4.23377593
  2.73997256   4.38355911
  4.69226898   4.67177429
  4.74644563   6.16656372
  1.69966121   5.94319749
 -1.12544982   2.70642469
  2.15690559   3.49586380
  2.80124439   4.30917221
  1.45883947   2.59564452
  4.05883124   6.67543846
  2.37992304   4.50977913
  0.99265622   3.19293974
  4.52438428   6.03906434
  2.23091778   3.26432866
  8.71159556   7.55925948
  6.95263785   4.73570327
  1.15148328   1.76197987
  4.59039054   4.54294391
  3.69938271   1.92922921
  0.22105956   3.47608097
  3.53953371   3.80204165
  2.72788355   3.80271141
  2.97041513   3.80681042
  1.99867495   4.10118703
  4.74594340   4.25514857
  3.46806388   4.84523196
  2.31562157   4.08922484
  1.84192362   5.81946995
  5.50923898   3.94741858
  3.78489786   6.59093810
  1.97904515   1.60469131
  9.91120264   7.10014301
  8.76044861   7.41229369
  4.96363379   2.72079756
  2.84998162   1.48227729
 -1.64480520   2.82245972
  7.00035142   7.88718308
  2.89250626   3.56004547
  3.74664312   2.68744010
  0.24085587   3.16620602
  4.85595836   6.24123994
  4.52357474   4.67115139
  2.95687971   4.72581012
  4.89632061   7.91134512
  1.89723486   2.45019531
  3.18492671   4.48809416
  3.00704590   7.86825285
  7.32208137   5.52580346
  3.93639257   4.06560668
  5.11893727   6.09518848
  6.27742776   7.12182331
 -0.01233671   5.22453694
  5.55520784   5.19128758
  3.97421796   4.49238454
  4.75100207   4.96096832
  1.55764172   2.78452907
  5.11194112   6.47003508
  5.86576781   5.19893492
  3.65496192   3.93680712
  5.13648233   5.24920032
  0.77856980   1.91145307
  4.29144272   5.76446532
  4.37174000   5.46757281
 -2.34127725  -0.14787460
  8.28577923   5.86414702
  5.34709602   2.44914954
  2.76597716   4.42081896
  3.60740634   5.91290099
  1.53168141   3.55278017
  4.82582219   5.23162739
  1.13936305   3.08601619
  1.61943825   4.17808162
  2.19837684   1.60692727
 -1.62472368   0.23720206
  3.54360166   5.07217236
  0.87857779   5.52554604
  0.65094656   0.81874119
  4.13068163   5.16716451
  5.19750049   5.85276695
  5.70953597   5.76166586
  1.61513942   3.04560126
  6.37496043   5.47730971
  2.47394826   4.13156396
  3.54855110   4.52776539
 -0.09517586   2.73935584
  8.67066405   6.11912838
  8.77305455   5.41620682
  1.30734743   1.58596231
  4.86902179   4.26048017
 -2.75939153   0.82503959
  3.49327956   3.11542973
  5.24121315   5.14092985
  3.17437117   5.40172428
  2.88771787   3.56317242
  0.71186288   3.28583665
  1.80526030   3.06973805
  1.75247223   4.86294081
  3.41185100   2.36851955
  9.81060233  10.33454002
  0.26152534   2.75062483
 -1.53837952   0.78093430
  4.83510662   4.07471469
  2.68289863   3.75623188
  6.78647302   4.99037005
  4.53300008   5.58515856
  0.71080218   2.03025282
 -0.24386868   2.10290713
  4.70223213   4.04386125
  5.32152300   5.48729678
  1.44727462   3.42219823
  4.20352469   4.26205209
  5.09897235   6.59126876
  0.92674842   0.17667158
  2.16882822   4.86469186
  4.77705801   7.71891267
  4.01558311   4.65939360
  0.93423138   3.33125786
  4.48171035   4.83566297
  5.25262784   3.79106988
  4.89131399   5.64438474
 -0.12411141   1.62168690
  2.04161260   6.95338483
  2.87133184   2.54760041
  4.66813633   5.68276776
  4.54503675   3.44787210
  2.85644728   3.10418116
  3.08333712   4.11785432
  3.47971390   3.59242020
  4.17655099   2.72598715
  4.53928657   6.22480799
 -0.55975936   3.21038061
 -0.07361194   1.58635575
  4.07105939   5.23466588
  3.06622547   3.95577224
  6.72583253   6.18363211
  3.31558896   3.49190982
  0.65187453   2.16971105
  3.25347262   4.21884874
  1.59025658   3.41553253
  0.84167522   5.08549612
 -1.70897739   2.33646728
  4.00270538   5.65256162
  3.30823934   2.45876826
  3.40941780   6.84869009
  0.92325944   1.48445061
  2.73560455   3.54998632
  0.80222237   2.17887047
  2.72281472   4.43885038
  5.28289565   6.81992219
  0.36599832   2.75382014
  3.68179824   3.07496996
  4.43053728   5.41165670
  7.77972716   6.86464930
 -1.27646386   3.69412053
  6.19133497   6.51427142
  6.30728159   5.96241181
  1.29579851   2.87849705
  6.82540476   7.70873372
  3.03313804   5.00181821
  0.74364027   2.85250784
  1.24789727   1.32180566
  2.65629918   2.49521758
  8.45461856   6.95616755
 -0.53900811   1.82869915
  0.87879111   3.74288773
  1.16173045   4.70596661
  6.00731212   6.51518097
  1.99846435   4.27471662
  1.19222641   2.64873699
  2.00741583   4.76722381
 -1.88135622   2.78527271
  3.59730004   5.40102952
  0.67915600   3.39529581
  2.65973067   4.60520529
  2.97802273   2.24622806
 -2.15295579   1.77311689
  3.28473727   3.65530825
  2.40408258   3.06700365
  3.33095348   5.45004349
  3.40407593   3.98739732
  0.60669649   4.13657660
  5.24261150   7.11073914
  0.37439893   3.93687657
  1.94493927   2.25801420
  5.06800166   8.13242427
  3.62542408   5.39924052
  0.99176850   2.74400617
  2.07678813   4.29200458
  6.65465287   5.65868210
  3.28491072   4.20407394
 -0.38395550   2.22862064
  4.63544071   5.16773718
  0.20096930  -0.31180277
  3.41097068   2.71027086
  1.94349537   4.16063911
  2.07477381   2.08815414
  3.13006601   4.91440415
  2.69796838   3.52668675
  6.81348982   7.65181472
 -2.40457235   1.47780926
  1.99329278   4.02071549
  0.83544769   4.82190588
 -0.94608333   2.39713721
  0.95258310   3.21078528
  1.16391892   4.00701552
  1.93983711   3.12045307
  4.03295388   6.53379762
  0.07136478  -0.35953820
  2.46380123   0.35666087
  1.36918489   4.32245806
  4.36406964   6.12790064
  6.88274481   6.08487921
 -0.04389721   1.48202911
  2.45712019   2.71052609
  5.18039883   3.41102516
 -0.78646816   2.58451457
  7.42451778   7.05059964
  3.51188431   3.46207261
  4.03001399   5.19030442
  1.91150345   2.36080919
  3.51738101   3.50597113
  3.23253270   4.53412585
  1.73808095   3.07520312
  3.11459729   3.69362465
  7.43501083   7.94833126
  5.63057940   5.38448632
  5.62072175   5.40800487
  1.92537045   5.36941539
  0.46414686   2.48004187
  5.21104481   2.95542645
  2.50926084   5.46800691
  2.12772431   1.37683313
  3.50440182   4.04761999
  4.46559547   4.85926313
  2.04383489   3.45455202
  2.67928506   4.29686566
  0.27638716   3.48449655
  5.18859876   3.13242623
  7.12022302   7.70503141
  2.66007804   2.47970022
  0.37401896   1.75557911
  2.51071612   4.48235464
  3.62385806   4.26720112
  4.68585110   3.05566824
 -0.70311484   4.17099322
  2.61313113   5.44560621
 -1.91728578   0.47919494
  2.15853989   4.80005016
  6.09073774   4.63911795
  0.11018563   1.95466584
  2.60706737   3.85925445
  2.19110583   2.64318531
  2.44724544   6.48917852
  2.77064816   3.72361190
  5.16555834   5.13641937
 -0.65286057   1.31733376
  0.53508399   1.75799010
  4.79988915   6.40179728
  0.71388164   2.88289190
  1.36334433   1.76309319
  1.54006299   2.39845935
  2.27237074   3.14866751
  7.32516927   5.74366970
 -0.33894705   3.97566716
 -1.94828566   2.93957327
  7.43849389   5.99131045
  4.63963897   1.63741161
  0.63518761   2.53558936
  4.37280647   3.73900289
 -5.07497848  -0.20724943
  5.16081160   3.67329893
  7.44473708   5.18295674
  4.98385261   6.35911603
  6.28660351   6.87437018
  7.07012759   7.10359998
  0.95928615   1.36763341
 -0.60179767   2.27988748
  3.19337512   4.15358575
  7.46468207   4.34749019
  3.63683233   5.89884222
  1.77017588   5.19355354
  3.10856128   2.84054045
  3.53633324   3.91130223
  1.00824850   3.33378831
  2.61501160   3.59182086
  4.99042201   3.19234203
  1.68403797   4.08298376
  1.91496053   4.82711956
 -0.13046865   2.35383655
  5.83021372   8.04867156
  4.43752755   3.31264576
 -1.98319301  -0.01619512
  5.87169072   4.79735406
  0.08127978   3.59842812
  5.46771109   7.95331119
  3.81688835   4.46323643
  5.70077446   6.24591731
  0.35366610   2.25679643
  3.09140156   2.24382431
  1.97094042   3.05824468
  2.63482130   7.10593946
  0.12972648   3.18073250
  2.95221833   3.41716872
  5.43008640   7.14875785
  2.58177222   4.31285932
  4.82478733   6.18543141
  2.59680946   1.60071574
  2.37940967   2.71791042
  2.97984734   3.86515581
  2.72390319   5.92004436
  4.38757873   4.91299821
  2.87252034   3.07205495
  3.00170667   3.84696270
  3.42104929   3.27886800
  3.37253463   4.62103574
  2.88428733   4.06030949
  5.71827593   6.19862133
  3.21530238   2.95407260
  6.86932238   7.89750938
  3.79842849   2.69117850
  3.18082767   3.69779907
  5.94618015   4.68977194
  2.23432907   4.68481555
 -1.75171243   0.90179929
  8.22338458   6.65078874
  7.66195213   8.10490408
  7.99243029   6.33906743
  3.83384330   5.11110792
 -0.33666668   1.34991807
  0.75409823   1.69833055
 -1.22754372   1.50681634
 -1.96686030   2.37623253
  5.09801147   4.87879681
  0.77038913   2.22023330
  5.57435478   6.23190646
  1.63849232   3.41585956
  4.36696568   2.71852667
  5.50853235   6.22639035
  3.66382825   4.18987624
  5.29498555   6.68944204
  4.17971315   3.78177649
 -0.39634353   3.02526844
  5.39923588   3.84615748
  4.26581500   6.72474251
  2.50482732   1.02965866
  2.54818346   3.18228609
  5.55570353   5.99640545
  2.19777485   5.15006321
  0.13099470   3.36659327
  6.18474955   6.56727674
  0.22900766   3.90030380
  5.65441027   5.11042153
  3.24536489   4.01952613
  4.64175518   5.46948205
  6.65708996   4.33070908
  7.78753125   3.55594239
  1.88159436   5.13997256
  3.23961564   3.87751620
  3.71241583   4.96322400
  1.21987121   0.81866914
  2.01459328   4.84755264
  1.16628575   0.90161261
  2.63009439   4.38207195
  1.32207950   4.95928685
  7.88519478   8.51151440
 -0.60664824   1.58826176
  2.70501880   5.06167705
  1.88802308   3.28213596
  2.76319705   3.23647592
  1.56214843   2.31161337
  5.82030104   3.01136279
  5.05637410   3.24308478
  3.65612005   4.59886920
  2.77086471   1.93493311
  8.54837652   6.37149132
  1.11050779   4.10771011
  3.37050821   4.49740301
  2.49329494   3.28106202
  1.94131295   3.88206539
  2.19602786   0.99878001
  1.34374285   3.32803550
  3.46473057   4.41500659
  2.47306316   1.47723451
  1.39744883   4.73770632
  5.74607632   3.57665465
  5.14660752   6.20142579
  7.89519850   6.35867653
  3.47275298   3.60050652
  2.23897543   2.85076241
 -1.49641374   0.85150362
  0.64770678   1.23597364
  3.36197316   3.11422119
  0.57907135   1.68517485
  8.00355423   7.76619118
  2.29088181   1.99759115
  7.31336574   6.52452486
  0.67099339   3.03027066
  7.54807992   4.76287843
  5.75356700   7.52089043
  1.91890185   0.89162900
  3.17752269   4.08121581
  1.42655103   1.24355094
  0.64264777   2.69102429
 -0.14927341   1.66328743
  5.47663466   4.82268512
  6.26650241   4.84287266
  1.51401768   3.59553986
  0.84721955   2.14196516
  7.00656996   5.83657377
  3.10077942   5.37630134
  1.81977829   4.88207022
  4.55930456   5.76794318
  1.91746919   3.07692333
  5.90012121   6.13577713
  3.26486693   3.16113657
  2.62307163   3.16757587
  2.00091054   1.81453784
  0.57605742   1.74772638
  5.54770582   4.17613237
  7.58474258   5.18205392
  2.94443234   3.65256601
  2.91249867   5.56939805
 -0.40688389   1.45617251
 -2.71879690   2.16416408
  0.84580767   3.37091798
  2.66931177   3.86639703
  7.18227520   6.07905728
  3.90774237   4.49972848
 -1.16776191   6.04579366
  2.33886477   5.01307016
  3.78538494   5.34227821
  1.18395262   4.32658613
  5.76358928   5.40338226
  2.13711952   5.47559304
  4.84935786   5.81244204
  7.29443323   6.71156162
  3.93204221   3.12742921
  4.02911660   3.69540662
  1.84324852   3.15531417
  0.60902544   1.85775854
  1.11002288   1.82141022
  4.27731006   4.56062101
  2.47445207   6.90225273
  0.23937791   2.30564603
  6.90963863  -4.00093876
  2.49362658   0.09145524
  3.14478679  -0.59739169
  2.39090793  -1.89725880
  4.96727831  -1.74675191
  5.04796197  -3.23644560
  3.47115033  -1.73546672
  7.71169565  -2.74854680
  7.31320398  -4.61306436
  2.55685397  -1.23616439
  5.68212068  -2.18728345
  4.79629567  -2.58571911
  0.44567243   0.52435990
  2.75401548  -1.58702281
  4.66686292  -1.87866458
  5.96167316  -3.06526552
  1.82522337  -0.98244054
  1.02673264  -0.02093207
 -0.19500068   0.53356843
  2.03524428  -1.09597702
  1.01175703   0.45029991
  2.99248375  -0.61222012
  2.06650258   0.88947927
  4.78469980  -1.64728174
  3.37604384  -1.23839146
  4.24229291  -2.30657308
  0.58311196  -0.83163668
  2.28880707  -2.62482831
  2.62315642  -0.85924343
  1.34859510   0.67263551
  2.66842697   0.46323525
  3.59559575  -1.58166201
  3.00080256  -1.78004377
  5.62655836  -3.61471548
  1.52911134   0.24126268
  2.39132711   0.98470193
  2.75959867  -0.93002940
  4.42392823  -3.10954352
  3.85638578  -2.79205531
 -0.19319506   2.26268575
  0.49575119   0.76764776
  3.76077675  -1.74638774
  3.78418955  -1.89721234
  3.96208421  -1.56344303
  2.88172427  -1.21375904
  6.07775452  -3.83206539
  4.47347433  -2.03706829
 -1.61720610   1.87435740
 -2.38493872   3.69360460
  0.87284161   1.00903254
  4.68726140  -1.27010179
  3.44164400  -1.61781616
  2.54970913  -0.95894197
  4.49140198  -1.68723809
  6.47315090  -4.20831408
  2.80893827  -0.10804669
  9.40010125  -5.10944389
  3.66248320  -1.64503152
  4.21955432  -2.33048850
  1.18443259  -1.08488248
  3.30689119  -2.41899236
  4.22690128  -2.52115077
  1.40601444   0.81785920
  2.72877833  -0.28570910
  4.93085085  -1.98902880
  2.91969128  -1.54751799
  4.69249837  -2.23891845
  4.03117832  -0.86322811
  2.43991951  -0.57963344
  4.48232978  -2.69604104
  1.30093915  -1.48022065
  1.25221809   0.55955905
  0.28534848   0.70256196
  1.91954966  -0.64141345
  3.88418692  -3.39804605
  1.54913787  -0.08931170
  1.40140916   0.17103052
  3.44384009  -0.39739850
  1.87472617   0.77496363
  1.26611112   0.24019830
  1.27972716  -0.00510724
  0.32369836   1.35761058
  4.21669190  -2.04889617
 -1.87262140   2.88737291
  2.90137822  -0.38279318
  3.16269194  -1.86145732
  4.69012708  -2.18929356
  3.73644568  -1.27894845
  3.66008029  -1.91694010
  5.95235409  -4.66661441
 -0.44446464   1.97439976
  1.05923103  -1.28175880
  0.79599613   1.52917387
  1.89500882   0.20450441
  0.37870338   2.48738533
  5.21033231  -1.86099790
  3.07263596  -1.16735506
  2.99142571  -1.77275897
  3.64716082  -0.82965239
  1.62538322  -1.28622560
 -0.77417316   1.70765928
  2.43931838  -0.78778566
  2.80794936  -1.58242063
  2.11652580   0.58628452
  8.69302704  -4.77527803
  2.94826059  -0.95808077
  1.97505145  -0.99228054
  6.72728232  -2.15064312
  2.87317250  -1.42317693
  4.99679661  -2.29567851
  3.32383061  -2.30147554
  1.10326697  -0.23140067
  6.15773350  -4.18837726
  2.55072971  -1.29949489
  3.77498147  -2.58806593
 -0.52497144   2.41196475
  6.59427685  -2.74328445
  4.20053796  -2.11238949
  6.79882102  -2.25046212
  2.66225599  -2.23725948
  3.48360315  -1.30944524
  0.22355953   1.17125983
  2.92961023  -0.40521927
  1.17818057   0.40776251
  2.46270180  -1.37737632
  1.33208892   0.27410931
  3.09278899   0.54508438
  5.08876690  -3.04849067
  4.88800623  -2.62157990
  0.85934947  -0.63402789
  3.71288377  -1.71198862
 -4.28751944   4.75807467
  2.40914038   0.92106314
  3.77825870  -2.66217669
  3.16646968  -0.58538080
  6.98035102  -3.46842931
  5.76304414  -2.89757330
  5.48854865  -2.54425101
  2.07570452  -0.11337089
  0.60450245   1.20626758
  3.38818967  -3.07457246
  3.55996982  -2.10512745
  2.39535703  -1.06474205
  5.39630712  -2.04202361
  2.71356502  -1.82163767
  4.35912462  -2.31402013
  8.33412437  -4.97621444
  2.90193955   0.95064277
  3.52209939  -0.84536144
  1.06399246  -0.00786401
  3.76583884  -2.04328880
  2.94124346  -1.24217899
  4.23431774  -2.71535338
  4.19604884  -1.63120136
  1.33412933   0.46579691
  2.54259906  -1.23098686
  4.09356984  -0.92723482
  0.04311262   1.89688057
  3.29309675  -1.58569925
  2.28116278  -1.18623511
  2.63621668   0.06411442
  2.77051525  -1.15181003
 -0.36514234   1.10323415
  2.08275300   1.12594732
  5.02114144  -2.47614681
 -0.83670353   1.71644083
  4.54783975  -2.99346829
  6.76876751  -4.02591764
  2.17645601  -2.11221997
  4.41620774  -3.91784927
 -1.27252898   1.28106410
  5.04297695  -3.33262281
 -0.10585452   0.75358662
  3.65381796  -0.75844142
  2.23867016  -1.07619956
  2.48721111   0.04572754
  6.14519025  -3.91329410
  6.59543280  -3.09327441
  4.07809237  -3.32022049
  2.69460607  -0.57563210
  2.40788331  -1.12242786
  3.27868571  -1.76212623
 -1.04723358   0.67032778
  2.28788307   0.60256452
  7.35649482  -3.92988532
  0.25021135   1.23463868
  5.94991039  -2.46502323
  5.63776873  -3.09047975
  3.63177053  -2.33177734
  2.40624198   0.18162344
  4.05525147  -1.93166239
  7.65831737  -4.44789008
  2.60964516   0.30921275
  6.80837344  -4.49139477
  3.99429107  -1.89406289
  2.90876732  -1.27068521
  6.20920141  -4.57396911
  1.50769719   0.84209212
  2.91572386  -0.83662709
  3.37219959  -1.69386974
  3.18542597  -1.59667311
  5.73168732  -2.52475242
  4.21649368  -0.56609422
  2.53376291  -2.14224239
  0.82700430   1.12680030
  1.48120291   0.93097524
  4.88696247  -1.69473210
  5.45034096  -1.74782268
  6.28088897  -1.57227850
  1.89332309  -0.94875874
  1.36021203   0.64878780
  5.65294896  -2.71479076
  1.92873195  -0.58878000
  5.56046987  -2.81201836
 -3.27303307   4.43542526
  3.47265608  -1.56451110
  4.20607895  -0.53811128
  2.91753242  -0.52823110
  0.62442136   0.83889212
  2.52829807  -0.80190081
  4.00098338  -1.56689986
  2.36473533  -0.96169453
  4.58096215  -0.71096440
  4.46229787  -2.34865039
  3.80748661  -1.95722422
  2.80124700   0.36662601
  1.62628054  -0.91104087
  1.64551743  -0.48363299
  6.92149708  -3.55219535
  0.11582725  -0.42417461
  0.99977315   0.47207792
  2.00675819  -0.20703373
  5.34976405  -3.31290707
  1.90332338   0.07157912
  0.89559254   0.10265787
  0.90960648  -0.02706691
  4.53093953  -2.05388261
  4.88501317  -2.47795083
  2.13845935   0.59431723
  5.05629062  -3.23448980
  2.85520584  -1.23548432
  4.95481322  -4.83203791
  1.64245805   0.22340052
  7.37273680  -4.70979174
  4.23750588  -1.93666701
  2.95135434  -0.05022077
  3.49535179  -0.87266685
  1.05337612  -0.23503322
  0.42119291   0.81639648
 -0.09575317   1.78808748
 -3.00654916   2.77400524
  3.42974184  -0.77383634
  7.03271392  -2.09166707
  1.18199499  -1.07220440
  2.93558666   0.53467984
  1.22750482   0.11259113
  2.13866442  -1.13053148
  4.19083864  -3.77906271
  4.31351403  -1.78618546
  5.93341904  -2.71817717
 -0.29997247   1.81773732
  4.03496224  -1.32103807
  5.46143600  -3.56144392
  2.02620176  -0.18445956
  4.97233815  -2.54899851
  1.53070399   0.33089365
  4.77424992  -2.18527106
  1.63567828   0.46983298
  0.80425128   0.78224231
  3.92618231  -1.57604245
  6.83536035  -4.18741566
  3.53334108  -1.19841062
  7.02075357  -5.85076822
  7.55223125  -5.08317925
  2.87374167  -0.83014234
  3.77368866  -1.13215500
  7.66635398  -5.27164144
  1.96582351  -0.35803665
  4.15928486  -2.66770675
  3.36941518  -1.04010549
  3.27799246  -1.55036847
  0.06174977   0.31441547
  3.17497481  -2.10902314
  3.29388614   0.32732130
  2.30481835  -0.04757394
  5.34411305  -1.57982679
 -1.22875544   2.74805941
  1.96138816  -1.13400563
  4.43909504  -0.79238196
  6.16527367  -3.37981074
  3.43098422  -0.48989738
  4.49622901  -3.86390718
  3.45696472  -2.08959910
  3.42852305  -1.59239139
  4.12670623  -2.05405374
  0.32621106   1.92236739
  2.19485835  -0.40080413
  2.91822043  -1.39644082
  1.18381130   0.15273025
  4.86912977  -1.88688035
  3.20602265  -1.21671306
  0.68478067   1.08315333
  0.62286548   0.50166177
  0.15425586  -0.03605502
  1.06467712   1.76584698
  1.96755781   1.15201567
  2.65290648   0.06091416
  2.26174474  -0.07050404
  1.14959651   0.38396944
  5.86134227  -2.66365677
  3.39508825  -2.66453757
  5.44261867  -2.27093064
  1.84198239   0.85435982
  1.39309659   0.11675272
  3.00656918   0.57638446
  2.32483885  -0.76363888
  3.60210195  -0.67737524
  5.99331466  -4.51773799
  2.47675969  -0.15773281
  4.68545295  -0.65409415
  1.35099254  -1.29439737
  0.65567483   1.89927310
  4.17185055  -2.29517050
  0.10840934   1.08031758
  4.10445313  -2.23725368
  3.82830507  -2.12097021
  0.63083676   1.16080967
  6.09732840  -3.03166083
  3.79974443  -1.99470062
  0.73310364  -0.66735779
 -1.02073350   1.93842375
  2.04441705  -0.76652851
  2.54062967   0.00885368
  3.19118476  -2.98099132
  3.64326436  -1.32369655
  6.61005546  -3.09883918
  1.47771427   1.25735034
  3.56858518  -1.59638944
  3.04656561  -1.32757041
  3.26048609  -1.57087444
  0.30681172   0.14544417
  5.11009845  -2.65593644
  0.75713975   0.48828711
  0.62727821   0.24024112
 -0.45507697   1.69041085
  5.93257452  -2.85200047
  4.19725629  -1.93255655
  2.89976242  -1.18011989
  3.19641202  -0.76339008
  4.12190223  -1.36503435
  1.06837173   1.35529002
  1.82264900   0.72716513
  2.19174492   0.08350462
  5.27496036  -2.54614157
  2.28900134  -2.15458557
  2.64082837  -0.85278455
  4.59373265  -1.15779396
  2.28872824  -2.55644173
  4.89555925  -3.38687539
  3.81169909  -2.96853509
  3.85001928  -1.08709657
  2.02851563  -0.38149681
  6.29418314  -4.75085411
  4.73744122  -2.16788635
  2.39716896   0.03601504
  6.33347014  -2.37328898
 -0.08154534   2.46199258
  0.77626412   0.86810260
  0.05007166   2.58952956
 -1.36067702   2.16334105
  4.99557321  -3.21055906
  2.05581531  -0.25157687
  0.35716482   1.42430441
  2.87097038  -0.74109791
  1.45936486  -0.20876362
  4.66483639  -2.04304226
  4.86810720  -2.34416396
  5.44246608  -3.26002285
  7.57727350  -3.07094228
  6.25074356  -2.71540455
  4.68284909  -1.00753066
  2.94315612  -0.60683665
  0.10442312   0.00482814
  2.07223126   1.38631902
 -0.19596527   0.50602566
  2.57637604   0.31941211
  3.06976271  -1.10559813
  4.54945243  -1.81502642
  3.68218782  -1.06202354
  1.04999694  -0.42329799
  4.61810792  -3.65802594
 -0.97501835   0.92807612
  1.85664128  -2.00724448
  4.38711191  -1.49720125
  4.94851023  -2.79507170
 -0.18773004   1.43104924
  2.26417380  -1.88171479
  0.87617597  -0.73146234
  4.85170652  -1.74810218
  6.42769494  -4.52220783
  1.66813116   0.03017954
  1.11914656  -0.69668094
  1.64695727   0.55433664
  6.41791048  -3.21223185
  1.92233385   1.52568312
  2.89182731   0.59682867
  0.11435110   1.82801076
  4.63016125  -2.00899205
  5.59682493  -1.50904859
  3.32055567  -1.13176826
 -0.64006498   1.56702553
  0.31492796   1.28487157
  1.48635293   0.54016947
  3.59985309  -2.26579347
  0.37659549   0.35533643
  1.73650184   0.91092290
  1.41272120   1.05913106
  2.75803760  -0.25071962
  0.85591921  -0.13059469
  5.95631739  -3.86267348
  1.45896399  -1.01726244
  4.10714244  -1.05233222
  4.76124349  -2.99949301
  3.43541041  -0.68650527
  7.68967164  -3.83826209
  1.55516497   0.18919970
  1.98392655  -0.07404012
  4.21396961  -0.20728346
  7.38636332  -4.21325130
  3.72093042  -2.47431327
 -2.18984326   1.73982148
  5.26036547  -1.36446867
  3.09364062  -0.74331075
  4.72981440  -2.44991998
  5.51683524  -2.44794287
  0.30285123  -0.38497098
  2.24992231  -1.42402672
  3.12582254  -2.42537355
  2.14856604   0.41560710
  4.29316564  -1.55008967
  5.05302442  -2.93385350
  4.12805002  -2.30957712
  3.25592183  -2.58839934
  1.37635456   0.81150980
  1.31735310   0.75292814
  1.73495970  -0.89833385
  4.63148515  -1.81640361
  4.17253466  -2.91888967
  3.38347211  -1.06550515
  0.21938280   1.50212327
  2.79585243  -2.02808340
  4.02885167  -1.73512018
  0.71299084  -1.33661927
  5.77994456  -4.23946054
  3.41354443  -0.79765078
 -0.22390290   1.26394287
  3.39346506  -1.29129819
 -0.29589687   0.90058603
  2.57001005  -2.01732314
  4.92355293  -2.07331250
  1.57501137  -1.01037238
  0.47194657  -0.83030675
  0.80094443   0.01856107
  3.43592288  -0.11504705
 -0.05688116   2.03670668
  9.44293223  -6.79265733
  1.48031591  -0.28764253
  3.11995148  -0.66187793
  0.20014936   0.93251835
  3.89954452  -3.02847863
  1.37953792  -0.07916676
  5.58791011  -2.16936856
  2.82546675  -0.98441763
  2.95512220  -0.48228761
  5.15131890  -2.60636419
  2.77933903  -0.49571737
  4.63901332  -1.24772346
  0.39926022   1.92224495
  3.22694143  -1.27183302
  5.03000530  -2.55165337
  3.65738813  -3.14074577
  3.41004240  -0.17109847
  3.64761150  -1.50174131
  8.10719026  -4.39525239
  0.84003543   0.07533835
  4.49718755  -1.21677077
  2.43904017  -0.20365907
  3.78523062  -1.41913479
  1.00462353   0.69880462
  3.32390556  -2.29357888
  3.94107456  -1.22585358
  1.25047284   0.20469486
  2.53808156  -0.18834281
  6.55522950  -3.95321327
  6.21550359  -3.29983018
  1.66307856   0.55959134
  2.70866241  -0.55448714
  5.32744055  -3.65375103
  2.67923771   0.01063030
 -0.23202600   2.27778357
  3.70536769  -1.08052768
  3.61427605  -1.69278436
  4.26321374  -3.32367046
  0.88549956  -1.36235996
  1.84150008   0.86007779
  2.82366806  -0.18629468
  3.77047323  -0.78659368
 -0.12129973  -0.38687386
  4.65262233  -2.19956130
  3.31243423  -0.99451322
  5.98027139  -2.86844607
 10.56868775  -6.91120645
  2.73938405  -0.54110566
  1.31065082  -0.01603728
  0.89810309   0.79940382
  2.19103224  -1.06938513
  6.19905491  -2.31956341
  0.87403241   0.48296410
  8.63420935  -5.40080717
  0.85956656  -0.92170935
  3.71421148  -1.22644581
 -0.53685046   1.44376695
  0.19893611  -0.42986392
  3.44236619  -1.27535572
  1.25314163  -0.92551475
  6.06858626  -4.38281047
  1.71580621   0.01644239
  4.91231990  -2.24243788
  1.76413353  -1.06469749
 -4.49588590   4.70678150
  5.33670632  -3.18552178
  3.89760890  -1.02652419
  2.73073091  -1.64891944
  2.55308060  -0.62479863
  5.23176433  -3.70066922
 -0.13254632   1.26006492
  2.62264750  -0.72021442
  5.09302962  -2.40096258
  1.29219424   1.08600012
  3.35371674  -0.03286983
  2.46946140  -0.42290533
  4.06450781  -0.91170627
  0.15165394   1.33196620
  4.71412838  -3.27221806
 -0.44460108   0.79448962
  4.65411548  -1.41342123
  3.12543806  -1.24396930
  3.52024792  -1.66004016
 -0.15059914   2.19650352
  3.67069137  -1.33988303
  2.94510840  -0.44864719
  2.58747821  -1.02542202
  0.27196543   1.56415754
  6.42699714  -3.36111868
  5.32516505  -1.87119417
  5.11521075  -2.23283538
  5.00830874  -2.55204041
 -0.59709696   1.21839334
  1.11751193   0.33723241
  5.35514480  -3.54426108
  7.31897247  -4.70671200
  3.81477055  -2.91330269
  2.99839781  -0.66050048
  4.65499355  -2.00960815
  1.65969224  -0.75015374
  2.31102232  -0.51152163
  0.32723152   0.87856796
  3.34510959  -1.58213554
  2.44644472  -1.04452606
  5.41997727  -2.82493489
  5.83071346  -2.04176904
  1.53341479   0.01065046
  1.16469236  -0.61682521
  3.15892358  -1.14895895
  3.42056430  -0.90149469
  1.12045458   0.21308340
  1.65576940  -0.38749305
  3.25047086  -2.24213810
  2.75400769  -0.40065343
  3.45344207  -1.35860749
 -1.67849535   2.83036227
  2.88968663  -0.86789326
  2.00763970   0.22946336
  2.14606979  -0.33622148
  2.93712710  -1.42066265
  2.69782864  -0.87254756
  3.73036190  -1.96828286
  4.18544954  -3.07532044
  2.26213492  -0.71265656
  2.17911992  -0.92754524
 -0.23727550   0.12228284
  3.52158118  -1.08791370
  0.56231656   1.11828521
  1.60231482   0.36860650
  2.54686572  -0.66338121
  0.60103116   0.55846769
  5.15890636  -2.55689891
  3.21039136  -1.50170851
  4.22766733  -1.59594508
  3.21859616  -0.13356431
  3.65059659  -0.91056768
  2.29884243  -0.07617748
  2.04255818   0.37832208
  6.17102556  -3.03498065
  5.48112848  -1.12931507
  3.93607748  -1.40014127
  2.64973853  -0.93594470
  1.30027385  -0.65220576
 -0.34029235   2.13319795
  5.53695165  -3.14266947
  2.71802144  -1.20347005
  4.71848698  -2.07660683
  6.04311813  -3.24477127
 -0.00240606   1.23030166
  1.40330390  -0.00921404
  2.40371194  -0.24801853
  1.55908635   0.33609104
  0.51634750   1.49350437
  3.15261145  -0.09353767
  1.97606099  -0.38555271
  1.69861446  -1.05215271
  3.04578054  -0.27029016
  3.58296466  -2.09310323
  1.15241210   1.75743324
  2.70099260   0.77449020
  1.15706890   0.24133207
  2.50313178  -1.88755001
  3.87778792  -1.25211987
  2.74722020  -0.27042628
  1.92393788   0.20989532
 -0.56466897   1.64366995
  3.14196109  -0.47663025
  2.08976223  -0.60609345
  3.41210852  -1.29134867
  4.97574243  -2.10767305
  3.56314500  -1.74045946
  0.90123729   0.65686107
  1.09031785  -0.73249801
  3.44124728  -2.34914315
  1.40236947   0.37857878
  3.10615307  -1.50448138
  1.00113820  -0.54308165
  3.98098566  -2.35598073
  1.99677187  -0.33600765
  1.99791098   0.23002493
 -1.39508886   1.71121262
  2.11035002  -1.19140445
  3.23994580  -1.80279880
  2.78928397  -1.09217820
  3.49683441  -1.66455845
  7.28246284  -4.27843015
 -0.70375882   2.04503109
  1.70082799  -0.46773640
  6.80564201  -3.34954656
  4.47675019  -2.49489924
  5.14350272  -3.77124381
  3.77606423  -1.30564748
  4.57716035  -3.63537413
  2.33157954  -0.15757507
  4.97435955  -1.53863264
 -0.45161950   0.53093147
  3.84999752  -2.02550951
  5.27234788  -0.86666557
  4.15402428  -1.19565379
  3.52320659  -1.63980712
  4.82217262  -2.27577221
  2.89436481  -1.81367196
  2.30740054  -1.06877847
  5.28142802  -2.81962401
 -1.55720464   3.40559991
  2.31700167  -1.85762137
  5.24002591  -3.83662094
  1.83868582  -0.55756796
  3.24519640  -0.55202270
  5.20308709  -0.84550666
  4.99220709  -3.14140768
  2.81838545   0.00965959
 -2.54252286   3.55978073
  3.63257063   0.23498187
  3.03872998  -2.10208285
 -0.13600307   0.10284384
  4.87123806  -2.37099949
  1.45132846   0.26559336
  5.90457994  -3.79379418
  1.39202785  -0.06065391
  4.90961348  -1.63243585
  0.75992445  -0.56799152
  5.58439865  -3.11925037
  2.62681882  -0.83046538
  3.06052858  -0.75199270
 -0.90571400   1.61425935
  3.87178236  -1.39293794
  4.06687031  -3.37707707
  3.13304452  -1.39222823
  3.50662219  -1.76297010
  5.24142244  -2.55145121
  5.45662316  -2.20322518
  3.43172992  -2.97829410
  7.32598968  -4.98170868
  1.44079795   0.67379598
  2.80344746   0.39183525
  5.96176109  -2.48405521
  3.75283951  -0.09332865
  3.73163434  -1.13966877
  2.24975311   0.63437979
  0.30834871  -0.05419631
  6.16488049  -2.82376376
 -0.40681398   1.27256182
  4.50435741  -3.51225356
  5.46050723  -3.26071217
  3.08918061  -0.97627356
 -1.11211277   1.54773955
  1.23594557  -0.46225864
  4.42563035  -1.18598281
  1.27290805   1.63831362
  5.52846927  -2.52457910
  4.73453004  -2.71036478
  2.23633474  -1.33765066
  1.21586117  -1.05071949
  3.47697866  -1.63971916
  3.03987564  -2.37669339
  3.08038371  -2.25787738
  5.48416884  -2.20149402
  4.03222066  -1.77787257
  6.37165808  -2.27595655
  0.02896417   0.27525281
  0.74083344   0.47035223
  5.25814864  -2.89368932
 -0.03268040   0.93632150
  1.25396167   0.42687235
  1.07587990   0.22560615
  3.51462240  -1.06304413
  2.75165259  -0.15130476
  5.29624291  -2.04362759
  4.94298560  -2.44205788
  4.28245439  -1.94510056
  1.04614098   0.39731487
  1.50714276  -0.15418264
  2.28252732   1.54345736
  0.78046722   1.09217483
  0.05605967   2.05247151
  0.78325177   0.94350597
  1.18489210  -0.71845557
  4.08625527  -2.43402142
  3.70506266  -2.16164008
  1.75690642  -0.28737606
  0.87782844   0.91230164
  2.82922077   0.17349816
  2.52735197  -0.73502996
  1.06939702   0.83561117
  2.10258791   0.39058479
  4.85048172  -1.18600600
  1.91956319   0.07628682
  6.25903421  -4.30887410
  4.91701765  -2.59298897
  4.37876552  -1.21242974
  3.44104940  -1.65173326
 -0.18948334   2.54177348
  1.12707636   1.44443430
  2.99489104  -1.60098035
  4.91594290  -0.53499197
  4.17030527  -2.41449499
  4.08335598  -0.61787866
  1.69924155   1.24244804
  0.80135103  -0.60175233
  3.48063675  -1.64053714
  1.61099187   0.15914760
  1.32586593   0.12567068
  1.73882267  -0.90767825
  5.35430979  -2.27079685
  4.70038403  -2.83066382
  3.07339080  -0.59527700
  2.92842739   0.11584743
  4.15686785  -1.28930951
  3.40961384  -2.23061671
  1.08620049   0.52247807
  1.20713665   2.04333980
  2.36409208  -1.26460251
  6.04256848  -2.24920857
  2.91615891  -1.53085684
  3.93754604  -1.60371183
  2.35761861   0.20321752
  4.95110073  -2.39116996
  3.69660674  -1.69793827
  3.49174210  -1.34515106
  0.27020395   0.99951578
  4.13578427  -0.91612639
  1.78014917  -0.42070736
  5.62220133  -2.51129159
  3.15909171  -0.93735898
  3.09545578  -1.53895932
  1.63930053  -0.59637702
  4.28450566  -2.84878287
  1.35163432   0.21507827
  6.06474662  -2.61690831
  6.04601946  -3.24704920
  7.21344578  -5.29216876
  0.84376929  -0.56846679
  2.87897276  -2.17243668
  0.33373849   0.31943616
  4.66301633  -1.95585243
  2.09467326  -0.61037480
  2.08153819  -1.70472332
  2.85966413  -1.29086245
  4.25466369  -1.81173657
  1.81900352   0.87032193
  0.59645642   1.67866371
  5.87856566  -4.19056160
  7.50246316  -4.53308267
  5.12973784  -3.08534951
  2.41229193   0.10753831
  1.93602029   0.72760723
  2.78299824  -0.92331551
 -0.36667142   0.87862849
  4.11896028  -2.06995645
 -0.45599052   1.44013922
  3.36601983  -0.83300050
  5.04946722  -2.19234969
  3.01707877  -2.09088332
  4.59049072  -3.18165729
  1.96135915  -0.03957814
  5.13830859  -2.75641379
  4.91398688  -3.57524723
  6.28944365  -2.66623901
  1.78066217  -0.37883793
  1.43552960   1.02287537
  3.02362745  -1.39922018
  3.33863422  -0.97415660
 -1.27841627   2.33511499
  0.92702510   0.67708486
  5.72696032  -1.88091864
  2.83292382  -0.69759827
  3.51013141  -1.66668776
  3.74464412  -1.44437443
  3.33948352  -0.44868698
  7.59716186  -4.42612196
  2.28268880  -0.59558956
  5.45928696  -2.68378414
  0.28928075   0.05909151
  5.93857025  -3.98285293
 -0.19377061   0.67151835
  1.59446213   0.91831215
  5.59396759  -2.10089922
  2.65534751  -1.58123691
  4.99239937  -2.96262889
  1.46235504  -0.75757990
  5.25360990  -3.30845377
  3.31502041  -0.87743061
  2.24617412   0.19008494
  4.71020346  -1.32882978
  1.87714804   0.43506347
  3.40588140  -0.87699242
  1.71470096   0.22899980
  3.57962322  -0.66912644
  3.52221491  -2.82184163
  3.93375969  -0.31761052
  1.83140824  -0.23217866
  1.39920354   0.87330016
  3.22517293  -0.26195507
  3.35204562   0.83442064
  2.23479105  -1.38784732
  2.82852996  -1.91935056
  4.22211114  -3.28707601
  3.81339080  -1.19061410
  5.06765973  -1.45993514
  5.67107248  -1.81531969
  1.68949786  -0.79574332
 -0.48355781   2.42025827
 -0.12629329   1.51953125
  1.40471917  -0.44557830
  3.85839052  -1.45321341
  0.38994153   0.61461720
  4.13340763  -1.53793764
  1.70098520   0.27010180
  5.67610862  -3.42428092
  0.99355589   0.25588210
  4.64657766  -2.61243549
  1.89244518   0.10383413
  3.95938642  -3.00116824
  1.70903582   0.40026583
  4.52082084  -0.87545214
  1.72615213   0.61397281
  5.30874559  -3.31150078
  6.13528988  -3.11829659
 -0.25184675   1.60729129
  3.98709531  -1.52404390
  4.10133581  -2.11125127
  2.43084675  -1.42744266
 -0.07443066   0.79791982
  4.92897324  -2.08364610
 -1.52407041   2.34577751
  2.65479123  -1.25228695
  6.26652716  -2.03520906
  3.66730953  -1.57164416
  2.92854459  -1.84560468
  1.89910075  -1.18174095
  1.25595978  -0.13181203
  3.33089832  -1.59197088
  5.49400683  -1.71222061
  8.40173706  -4.45340061
  2.45542770   0.90159012
  4.51319323  -0.81666952
  2.73839097  -0.99730464
  4.03719597  -1.72417669
  4.82862676  -3.62511536
  0.04508915   2.25232707
  4.18665434  -2.19237049
  1.75472239  -0.11903487
  3.90385042  -1.56831180
  4.27633854  -1.64083155
 -0.34270826   1.04211136
  1.08989718   1.14347345
  1.12069022   0.82067853
  3.52537758  -0.00519468
  3.33955120  -1.26321446
  4.27815413  -1.86378329
  4.14655553  -1.04058642
  6.06033530  -3.32013716
  2.89263097  -1.07450573
  3.08022956  -1.18807772
  2.68015666   0.02822903
  3.66094522  -1.44304793
  0.85685548   1.00821855
  1.59479443  -0.68589568
  3.87756836  -1.23637815
  2.78284079  -1.06907609
  0.28235656   1.93135764
  5.77475912  -2.75331247
  2.88792588  -0.80768908
  1.90821214   0.32113151
  1.22076090   1.99770555
  3.17624076   0.04835189
  2.77833402  -0.49299264
  3.02875043  -0.88654012
  3.04984547  -0.54583303
  1.83270303   0.19909435
  0.99697495   0.14645402
  1.79381215  -0.11095748
  0.20311519   0.81295528
 -0.66443967   0.05326387
  2.52976265   0.17505939
  0.81817526  -0.56656399
  6.38415336  -4.15219457
 -2.00805723   3.44041656
  6.06008009  -2.46524994
  5.16644368  -2.88839129
  2.77743311  -2.09142977
  1.07621238  -0.72537380
 -0.52373302   0.59492939
  4.35724646  -2.32320176
  2.45235396  -2.85447126
  2.15507288   0.17782547
  5.85084406  -3.34063555
  5.61254113  -2.96947244
  4.05339304  -2.08562701
 -1.38085201   2.26748708
  4.01532312  -1.78208989
  4.73946810  -1.84282490
  0.71801436   2.17841544
  0.41538877  -0.67934296
  3.53140514  -0.96831374
 -0.85761060   0.70572621
  3.21991411   0.32113185
  0.79867648   0.57802228
  4.68785412  -3.14997620
  0.38081995   0.26484288
  4.83663074  -2.69953220
  0.68284859  -0.42769002
  4.75253033  -1.12300843
  0.31720675  -0.36769146
 -0.47855964   1.30015719
  2.79844384  -2.19930292
  3.31442829  -0.85197341
  5.25565542  -2.97860469
  4.00444787  -0.79871124
  2.33219795  -1.26041446
  1.36173584   0.24927414
  3.82830281  -2.07723856
 -0.74721437   0.94097424
  0.82677287   1.25899629
  3.45486626   0.00070091
  2.44475803   0.14834508
  4.89678315  -0.94896833
  5.54607579  -2.52397797
  2.88323480  -0.51948737
  6.64310604  -3.30909551
  0.46026491   0.40230342
 -0.10099136   1.90353101
  6.25221350  -3.69672261
 -0.54226356   1.76690309
  0.83496176   1.47846900
  1.42087177   0.18420835
  3.50976916  -2.21167731
  3.20252474  -1.56592740
  6.66454410  -4.61032482
  1.77170769   0.30158648
  4.13050879  -2.62998217
  3.47986341  -2.38914247
  3.48349284  -0.47618053
  5.08174584  -3.79060285
